19
23
23
22
16
18
21
24
15
18
18
20
18
17
17
17
25
21
21
19
22
23
23
23
22
25
30
24
25
29
35
27
29
38
37
42
37
44
37
39
35
39
37
44
37
48
48
44
47
46
50
55
53
60
56
48
48
57
48
58
41
54
53
58
55
63
55
55
54
59
79
59
61
70
72
63
60
73
88
66
79
89
85
86
83
91
80
75
80
105
90
78
75
81
84
73
68
91
82
71
80
82
94
69
80
82
77
77
74
85
73
77
87
94
97
76
92
106
90
95
89
99
98
87
113
135
127
95
114
119
130
120
124
130
131
124
129
130
140
126
135
149
156
139
164
189
169
158
168
177
164
158
154
170
161
166
181
195
199
158
169
175
181
175
194
218
204
193
203
235
248
228
221
253
247
221
255
266
281
271
227
276
280
244
260
274
320
259
283
305
304
278
275
301
289
280
229
233
221
250
191
191
214
210